10
687 23
0 28 93 10 6
1 30 92 10 5
2 45 52 10 10
3 40 71 5 5
4 23 59 5 7
5 27 67 6 7
6 29 69 6 8
7 48 79 6 10
8 26 61 8 6
9 40 72 6 6
10 41 61 9 9
11 44 95 10 6
12 29 86 9 6
13 41 50 10 6
14 39 57 5 5
15 11 59 6 7
16 37 66 10 8
17 38 75 10 10
18 24 71 7 8
19 20 63 6 5
20 16 99 9 10
21 35 85 7 10
22 22 78 5 9
576 35
0 47 59 7 8
1 14 90 7 9
2 39 82 9 7
3 28 98 9 6
4 10 58 8 8
5 31 94 9 9
6 31 83 8 9
7 43 58 6 10
8 16 53 5 8
9 16 53 7 7
10 29 87 8 10
11 16 69 10 10
12 45 74 10 6
13 13 89 10 7
14 23 87 9 7
15 36 87 6 8
16 26 96 8 7
17 30 82 8 6
18 10 100 10 9
19 40 52 10 10
20 48 89 9 7
21 24 71 5 5
22 40 78 8 8
23 47 54 10 7
24 18 74 8 10
25 24 82 6 8
26 42 100 6 8
27 49 93 9 9
28 37 99 6 5
29 14 96 6 8
30 36 71 10 6
31 24 62 9 9
32 37 73 8 10
33 48 100 9 8
34 31 73 10 9
703 41
0 29 74 8 8
1 21 79 7 10
2 23 81 6 10
3 34 95 10 7
4 20 91 5 9
5 43 54 6 8
6 10 89 8 9
7 38 74 10 10
8 29 78 5 10
9 49 77 5 5
10 12 64 8 10
11 16 97 10 7
12 19 82 8 10
13 13 74 10 6
14 14 80 5 8
15 26 89 6 7
16 13 68 9 6
17 48 50 9 5
18 10 80 10 8
19 50 57 7 10
20 35 78 9 8
21 29 70 8 10
22 24 62 7 10
23 35 80 9 6
24 12 53 5 5
25 17 57 6 9
26 33 61 9 7
27 10 75 5 8
28 25 66 9 10
29 20 66 7 6
30 49 77 7 5
31 42 96 5 10
32 48 52 10 10
33 18 53 9 10
34 45 79 5 6
35 40 76 8 8
36 24 61 9 7
37 44 77 10 10
38 32 99 6 6
39 30 63 8 5
40 38 96 7 5
810 23
0 47 73 5 7
1 26 68 6 5
2 15 100 8 6
3 40 68 10 10
4 19 79 8 6
5 13 52 8 9
6 47 68 10 9
7 47 85 9 10
8 22 94 9 5
9 49 56 9 10
10 15 97 6 6
11 29 84 6 6
12 50 76 8 10
13 33 62 5 10
14 42 84 7 7
15 42 89 7 5
16 36 77 8 6
17 15 68 8 10
18 42 61 7 5
19 40 65 10 9
20 48 51 9 5
21 42 65 8 8
22 25 57 6 8
909 15
0 11 90 9 8
1 14 98 7 9
2 16 88 6 10
3 39 57 6 6
4 27 100 10 5
5 46 52 8 10
6 10 50 8 7
7 36 61 6 6
8 21 73 8 5
9 12 64 7 7
10 34 53 10 10
11 25 63 10 7
12 43 69 10 10
13 47 70 5 8
14 27 91 10 6
674 39
0 27 50 8 5
1 19 50 5 8
2 22 83 9 6
3 40 50 5 6
4 27 64 8 8
5 17 51 7 10
6 41 74 10 10
7 32 65 9 10
8 45 72 5 10
9 11 87 7 8
10 11 55 10 10
11 12 63 6 7
12 21 86 6 5
13 38 72 7 9
14 31 57 7 5
15 36 94 5 8
16 23 79 7 7
17 50 86 10 8
18 46 51 9 5
19 14 77 7 5
20 25 90 7 6
21 16 55 7 10
22 37 62 6 6
23 11 92 7 10
24 38 69 6 9
25 25 80 10 6
26 39 86 10 9
27 45 59 5 6
28 43 90 10 8
29 30 83 9 8
30 16 55 9 6
31 33 78 5 8
32 28 58 6 10
33 15 80 7 7
34 47 69 7 9
35 23 95 5 7
36 15 66 8 7
37 23 66 9 6
38 49 93 7 7
820 44
0 13 78 6 7
1 35 70 7 10
2 50 67 6 8
3 41 64 7 9
4 50 88 9 8
5 40 52 9 8
6 48 75 5 9
7 15 56 10 9
8 14 70 6 5
9 36 72 6 5
10 14 98 6 8
11 46 82 9 6
12 36 78 5 5
13 10 51 8 8
14 11 70 9 10
15 11 88 8 10
16 31 93 10 10
17 47 78 7 6
18 15 85 8 8
19 42 84 9 8
20 31 92 8 7
21 21 59 8 10
22 23 89 10 6
23 32 61 5 8
24 29 85 5 5
25 19 55 8 9
26 31 73 8 9
27 43 100 6 9
28 44 67 10 10
29 42 77 9 7
30 16 72 9 6
31 24 92 6 8
32 45 58 7 7
33 20 99 5 5
34 23 99 8 9
35 25 73 8 9
36 10 62 7 5
37 26 94 6 7
38 27 72 5 6
39 36 96 6 10
40 33 54 5 5
41 38 67 9 9
42 30 84 6 6
43 19 59 9 7
786 21
0 37 58 8 8
1 10 67 5 8
2 32 68 6 9
3 15 68 10 8
4 31 83 6 7
5 23 96 10 6
6 46 67 5 6
7 33 65 9 7
8 43 73 10 9
9 18 99 5 8
10 19 66 6 6
11 30 71 7 7
12 30 86 8 5
13 16 57 10 6
14 19 54 6 6
15 39 60 10 6
16 27 75 6 9
17 47 50 5 10
18 17 58 9 10
19 26 75 7 8
20 40 66 10 8
853 23
0 21 51 9 6
1 11 86 5 9
2 28 87 6 6
3 26 66 8 7
4 15 93 8 7
5 43 58 10 9
6 46 72 8 5
7 44 93 5 9
8 39 52 8 6
9 23 75 10 9
10 49 57 7 5
11 33 81 9 6
12 44 50 8 9
13 11 76 6 8
14 25 75 8 5
15 38 69 9 6
16 43 83 5 7
17 50 96 9 6
18 26 79 5 9
19 45 54 8 7
20 20 73 7 9
21 49 59 5 7
22 27 67 5 6
925 43
0 23 73 10 10
1 39 83 7 5
2 33 88 9 5
3 26 66 10 7
4 23 77 7 6
5 25 78 6 6
6 13 100 6 8
7 23 100 9 5
8 29 50 8 10
9 41 71 10 7
10 38 100 5 8
11 10 70 6 10
12 12 82 9 7
13 30 95 6 10
14 36 86 7 6
15 23 75 6 6
16 31 56 8 8
17 35 60 5 9
18 48 100 7 5
19 42 62 9 9
20 22 57 9 7
21 13 95 8 10
22 22 51 5 10
23 16 64 7 9
24 39 55 9 8
25 29 87 7 5
26 29 83 5 10
27 26 90 10 5
28 41 79 8 5
29 18 92 8 8
30 30 97 6 8
31 24 99 5 10
32 42 88 10 9
33 18 90 9 9
34 15 62 5 8
35 45 66 5 10
36 13 86 5 7
37 23 77 10 10
38 46 50 9 5
39 13 94 8 9
40 16 71 8 5
41 22 96 6 6
42 37 76 7 8
